D 10:48:42.5974750 GameState.DebugPrintPowerList() - Count=101
D 10:48:42.5977620 GameState.DebugPrintPower() - CREATE_GAME
D 10:48:42.5978500 GameState.DebugPrintPower() -     GameEntity EntityID=1
D 10:48:42.5981700 GameState.DebugPrintPower() -         tag=ZONE value=PLAY
D 10:48:42.5983690 GameState.DebugPrintPower() -         tag=ENTITY_ID value=1
D 10:48:42.5984860 GameState.DebugPrintPower() -         tag=CARDTYPE value=GAME
D 10:48:42.5987370 GameState.DebugPrintPower() -     Player EntityID=2 PlayerID=1 GameAccountId=[hi=144115198130930503 lo=27472745]
D 10:48:42.5988970 GameState.DebugPrintPower() -         tag=HERO_ENTITY value=64
D 10:48:42.5989980 GameState.DebugPrintPower() -         tag=MAXHANDSIZE value=10
D 10:48:42.5991220 GameState.DebugPrintPower() -         tag=STARTHANDSIZE value=4
D 10:48:42.5992470 GameState.DebugPrintPower() -         tag=PLAYER_ID value=1
D 10:48:42.5994450 GameState.DebugPrintPower() -         tag=TEAM_ID value=1
D 10:48:42.5995520 GameState.DebugPrintPower() -         tag=ZONE value=PLAY
D 10:48:42.5996630 GameState.DebugPrintPower() -         tag=CONTROLLER value=1
D 10:48:42.5998160 GameState.DebugPrintPower() -         tag=ENTITY_ID value=2
D 10:48:42.6000330 GameState.DebugPrintPower() -         tag=MAXRESOURCES value=10
D 10:48:42.6003260 GameState.DebugPrintPower() -         tag=CARDTYPE value=PLAYER
D 10:48:42.6004850 GameState.DebugPrintPower() -     Player EntityID=3 PlayerID=2 GameAccountId=[hi=144115198130930503 lo=52381717]
D 10:48:42.6005910 GameState.DebugPrintPower() -         tag=HERO_ENTITY value=66
D 10:48:42.6006860 GameState.DebugPrintPower() -         tag=MAXHANDSIZE value=10
D 10:48:42.6007810 GameState.DebugPrintPower() -         tag=STARTHANDSIZE value=4
D 10:48:42.6009160 GameState.DebugPrintPower() -         tag=PLAYER_ID value=2
D 10:48:42.6010230 GameState.DebugPrintPower() -         tag=TEAM_ID value=2
D 10:48:42.6011700 GameState.DebugPrintPower() -         tag=ZONE value=PLAY
D 10:48:42.6014770 GameState.DebugPrintPower() -         tag=CONTROLLER value=2
D 10:48:42.6015760 GameState.DebugPrintPower() -         tag=ENTITY_ID value=3
D 10:48:42.6016710 GameState.DebugPrintPower() -         tag=MAXRESOURCES value=10
D 10:48:42.6017750 GameState.DebugPrintPower() -         tag=CARDTYPE value=PLAYER
D 10:48:42.6019030 GameState.DebugPrintPower() - FULL_ENTITY - Creating ID=4 CardID=
D 10:48:42.6022290 GameState.DebugPrintPower() -     tag=ZONE value=DECK
D 10:48:42.6023500 GameState.DebugPrintPower() -     tag=CONTROLLER value=1
D 10:48:42.6024470 GameState.DebugPrintPower() -     tag=ENTITY_ID value=4
D 10:48:42.6025280 GameState.DebugPrintPower() - FULL_ENTITY - Creating ID=5 CardID=
D 10:48:42.6026400 GameState.DebugPrintPower() -     tag=ZONE value=DECK
D 10:48:42.6027380 GameState.DebugPrintPower() -     tag=CONTROLLER value=1
D 10:48:42.6029310 GameState.DebugPrintPower() -     tag=ENTITY_ID value=5
D 10:48:42.6030200 GameState.DebugPrintPower() - FULL_ENTITY - Creating ID=6 CardID=
D 10:48:42.6031230 GameState.DebugPrintPower() -     tag=ZONE value=DECK
D 10:48:42.6032950 GameState.DebugPrintPower() -     tag=CONTROLLER value=1
D 10:48:42.6033890 GameState.DebugPrintPower() -     tag=ENTITY_ID value=6
D 10:48:42.6034670 GameState.DebugPrintPower() - FULL_ENTITY - Creating ID=7 CardID=
D 10:48:42.6035650 GameState.DebugPrintPower() -     tag=ZONE value=DECK
D 10:48:42.6036560 GameState.DebugPrintPower() -     tag=CONTROLLER value=1
D 10:48:42.6037560 GameState.DebugPrintPower() -     tag=ENTITY_ID value=7
D 10:48:42.6038790 GameState.DebugPrintPower() - FULL_ENTITY - Creating ID=8 CardID=
D 10:48:42.6040820 GameState.DebugPrintPower() -     tag=ZONE value=DECK
D 10:48:42.6446900 GameState.DebugPrintPower() -     tag=CONTROLLER value=1
D 10:48:42.6450280 GameState.DebugPrintPower() -     tag=ENTITY_ID value=8
D 10:48:42.6451710 GameState.DebugPrintPower() - FULL_ENTITY - Creating ID=9 CardID=
D 10:48:42.6453200 GameState.DebugPrintPower() -     tag=ZONE value=DECK
D 10:48:42.6454230 GameState.DebugPrintPower() -     tag=CONTROLLER value=1
D 10:48:42.6455570 GameState.DebugPrintPower() -     tag=ENTITY_ID value=9
D 10:48:42.6456900 GameState.DebugPrintPower() - FULL_ENTITY - Creating ID=10 CardID=
D 10:48:42.6458000 GameState.DebugPrintPower() -     tag=ZONE value=DECK
D 10:48:42.6458940 GameState.DebugPrintPower() -     tag=CONTROLLER value=1
D 10:48:42.6460050 GameState.DebugPrintPower() -     tag=ENTITY_ID value=10
D 10:48:42.6460810 GameState.DebugPrintPower() - FULL_ENTITY - Creating ID=11 CardID=
D 10:48:42.6461950 GameState.DebugPrintPower() -     tag=ZONE value=DECK
D 10:48:42.6462890 GameState.DebugPrintPower() -     tag=CONTROLLER value=1
D 10:48:42.6463940 GameState.DebugPrintPower() -     tag=ENTITY_ID value=11
D 10:48:42.6464920 GameState.DebugPrintPower() - FULL_ENTITY - Creating ID=12 CardID=
D 10:48:42.6466150 GameState.DebugPrintPower() -     tag=ZONE value=DECK
D 10:48:42.6467100 GameState.DebugPrintPower() -     tag=CONTROLLER value=1
D 10:48:42.6468070 GameState.DebugPrintPower() -     tag=ENTITY_ID value=12
D 10:48:42.6468780 GameState.DebugPrintPower() - FULL_ENTITY - Creating ID=13 CardID=
D 10:48:42.6469850 GameState.DebugPrintPower() -     tag=ZONE value=DECK
D 10:48:42.6470770 GameState.DebugPrintPower() -     tag=CONTROLLER value=1
D 10:48:42.6471750 GameState.DebugPrintPower() -     tag=ENTITY_ID value=13
D 10:48:42.6472540 GameState.DebugPrintPower() - FULL_ENTITY - Creating ID=14 CardID=
D 10:48:42.6474780 GameState.DebugPrintPower() -     tag=ZONE value=DECK
D 10:48:42.6476030 GameState.DebugPrintPower() -     tag=CONTROLLER value=1
D 10:48:42.6476980 GameState.DebugPrintPower() -     tag=ENTITY_ID value=14
D 10:48:42.6477770 GameState.DebugPrintPower() - FULL_ENTITY - Creating ID=15 CardID=
D 10:48:42.6479440 GameState.DebugPrintPower() -     tag=ZONE value=DECK
D 10:48:42.6480420 GameState.DebugPrintPower() -     tag=CONTROLLER value=1
D 10:48:42.6481350 GameState.DebugPrintPower() -     tag=ENTITY_ID value=15
D 10:48:42.6482670 GameState.DebugPrintPower() - FULL_ENTITY - Creating ID=16 CardID=
D 10:48:42.6483720 GameState.DebugPrintPower() -     tag=ZONE value=DECK
D 10:48:42.6484700 GameState.DebugPrintPower() -     tag=CONTROLLER value=1
D 10:48:42.6495700 GameState.DebugPrintPower() -     tag=ENTITY_ID value=16
D 10:48:42.6497660 GameState.DebugPrintPower() - FULL_ENTITY - Creating ID=17 CardID=
D 10:48:42.6499060 GameState.DebugPrintPower() -     tag=ZONE value=DECK
D 10:48:42.6500000 GameState.DebugPrintPower() -     tag=CONTROLLER value=1
D 10:48:42.6500920 GameState.DebugPrintPower() -     tag=ENTITY_ID value=17
D 10:48:42.6501640 GameState.DebugPrintPower() - FULL_ENTITY - Creating ID=18 CardID=
D 10:48:42.6502610 GameState.DebugPrintPower() -     tag=ZONE value=DECK
D 10:48:42.6503520 GameState.DebugPrintPower() -     tag=CONTROLLER value=1
D 10:48:42.6504400 GameState.DebugPrintPower() -     tag=ENTITY_ID value=18
D 10:48:42.6505220 GameState.DebugPrintPower() - FULL_ENTITY - Creating ID=19 CardID=
D 10:48:42.6506680 GameState.DebugPrintPower() -     tag=ZONE value=DECK
D 10:48:42.6507690 GameState.DebugPrintPower() -     tag=CONTROLLER value=1
D 10:48:42.6508840 GameState.DebugPrintPower() -     tag=ENTITY_ID value=19
D 10:48:42.6510150 GameState.DebugPrintPower() - FULL_ENTITY - Creating ID=20 CardID=
D 10:48:42.6511120 GameState.DebugPrintPower() -     tag=ZONE value=DECK
D 10:48:42.6512330 GameState.DebugPrintPower() -     tag=CONTROLLER value=1
D 10:48:42.6513280 GameState.DebugPrintPower() -     tag=ENTITY_ID value=20
D 10:48:42.6514160 GameState.DebugPrintPower() - FULL_ENTITY - Creating ID=21 CardID=
D 10:48:42.6515240 GameState.DebugPrintPower() -     tag=ZONE value=DECK
D 10:48:42.6516150 GameState.DebugPrintPower() -     tag=CONTROLLER value=1
D 10:48:42.6517380 GameState.DebugPrintPower() -     tag=ENTITY_ID value=21
D 10:48:42.6518210 GameState.DebugPrintPower() - FULL_ENTITY - Creating ID=22 CardID=
D 10:48:42.6519170 GameState.DebugPrintPower() -     tag=ZONE value=DECK
D 10:48:42.6520070 GameState.DebugPrintPower() -     tag=CONTROLLER value=1
D 10:48:42.6520950 GameState.DebugPrintPower() -     tag=ENTITY_ID value=22
D 10:48:42.6521730 GameState.DebugPrintPower() - FULL_ENTITY - Creating ID=23 CardID=
D 10:48:42.6523100 GameState.DebugPrintPower() -     tag=ZONE value=DECK
D 10:48:42.6523970 GameState.DebugPrintPower() -     tag=CONTROLLER value=1
D 10:48:42.6524900 GameState.DebugPrintPower() -     tag=ENTITY_ID value=23
D 10:48:42.6525740 GameState.DebugPrintPower() - FULL_ENTITY - Creating ID=24 CardID=
D 10:48:42.6526970 GameState.DebugPrintPower() -     tag=ZONE value=DECK
D 10:48:42.6527860 GameState.DebugPrintPower() -     tag=CONTROLLER value=1
D 10:48:42.6528850 GameState.DebugPrintPower() -     tag=ENTITY_ID value=24
D 10:48:42.6529610 GameState.DebugPrintPower() - FULL_ENTITY - Creating ID=25 CardID=
D 10:48:42.6530580 GameState.DebugPrintPower() -     tag=ZONE value=DECK
D 10:48:42.6531540 GameState.DebugPrintPower() -     tag=CONTROLLER value=1
D 10:48:42.6532750 GameState.DebugPrintPower() -     tag=ENTITY_ID value=25
D 10:48:42.6533740 GameState.DebugPrintPower() - FULL_ENTITY - Creating ID=26 CardID=
D 10:48:42.6535200 GameState.DebugPrintPower() -     tag=ZONE value=DECK
D 10:48:42.6536530 GameState.DebugPrintPower() -     tag=CONTROLLER value=1
D 10:48:42.6537460 GameState.DebugPrintPower() -     tag=ENTITY_ID value=26
D 10:48:42.6538250 GameState.DebugPrintPower() - FULL_ENTITY - Creating ID=27 CardID=
D 10:48:42.6539220 GameState.DebugPrintPower() -     tag=ZONE value=DECK
D 10:48:42.6540200 GameState.DebugPrintPower() -     tag=CONTROLLER value=1
D 10:48:42.6541080 GameState.DebugPrintPower() -     tag=ENTITY_ID value=27
D 10:48:42.6541880 GameState.DebugPrintPower() - FULL_ENTITY - Creating ID=28 CardID=
D 10:48:42.6543060 GameState.DebugPrintPower() -     tag=ZONE value=DECK
D 10:48:42.6544060 GameState.DebugPrintPower() -     tag=CONTROLLER value=1
D 10:48:42.6545260 GameState.DebugPrintPower() -     tag=ENTITY_ID value=28
D 10:48:42.6546360 GameState.DebugPrintPower() - FULL_ENTITY - Creating ID=29 CardID=
D 10:48:42.6547370 GameState.DebugPrintPower() -     tag=ZONE value=DECK
D 10:48:42.6548280 GameState.DebugPrintPower() -     tag=CONTROLLER value=1
D 10:48:42.6549110 GameState.DebugPrintPower() -     tag=ENTITY_ID value=29
D 10:48:42.6549870 GameState.DebugPrintPower() - FULL_ENTITY - Creating ID=30 CardID=
D 10:48:42.6551020 GameState.DebugPrintPower() -     tag=ZONE value=DECK
D 10:48:42.6551920 GameState.DebugPrintPower() -     tag=CONTROLLER value=1
D 10:48:42.6552880 GameState.DebugPrintPower() -     tag=ENTITY_ID value=30
D 10:48:42.6553670 GameState.DebugPrintPower() - FULL_ENTITY - Creating ID=31 CardID=
D 10:48:42.6554800 GameState.DebugPrintPower() -     tag=ZONE value=DECK
D 10:48:42.6555690 GameState.DebugPrintPower() -     tag=CONTROLLER value=1
D 10:48:42.6556850 GameState.DebugPrintPower() -     tag=ENTITY_ID value=31
D 10:48:42.6557610 GameState.DebugPrintPower() - FULL_ENTITY - Creating ID=32 CardID=
D 10:48:42.6558560 GameState.DebugPrintPower() -     tag=ZONE value=DECK
D 10:48:42.6559390 GameState.DebugPrintPower() -     tag=CONTROLLER value=1
D 10:48:42.6560200 GameState.DebugPrintPower() -     tag=ENTITY_ID value=32
D 10:48:42.6560870 GameState.DebugPrintPower() - FULL_ENTITY - Creating ID=33 CardID=
D 10:48:42.6561940 GameState.DebugPrintPower() -     tag=ZONE value=DECK
D 10:48:42.6563090 GameState.DebugPrintPower() -     tag=CONTROLLER value=1
D 10:48:42.6563910 GameState.DebugPrintPower() -     tag=ENTITY_ID value=33
D 10:48:42.6564650 GameState.DebugPrintPower() - FULL_ENTITY - Creating ID=34 CardID=
D 10:48:42.6565760 GameState.DebugPrintPower() -     tag=ZONE value=DECK
D 10:48:42.6566620 GameState.DebugPrintPower() -     tag=CONTROLLER value=2
D 10:48:42.6567400 GameState.DebugPrintPower() -     tag=ENTITY_ID value=34
D 10:48:42.6568110 GameState.DebugPrintPower() - FULL_ENTITY - Creating ID=35 CardID=
D 10:48:42.6569000 GameState.DebugPrintPower() -     tag=ZONE value=DECK
D 10:48:42.6569820 GameState.DebugPrintPower() -     tag=CONTROLLER value=2
D 10:48:42.6570630 GameState.DebugPrintPower() -     tag=ENTITY_ID value=35
D 10:48:42.6571350 GameState.DebugPrintPower() - FULL_ENTITY - Creating ID=36 CardID=
D 10:48:42.6572200 GameState.DebugPrintPower() -     tag=ZONE value=DECK
D 10:48:42.6573030 GameState.DebugPrintPower() -     tag=CONTROLLER value=2
D 10:48:42.6573830 GameState.DebugPrintPower() -     tag=ENTITY_ID value=36
D 10:48:42.6574760 GameState.DebugPrintPower() - FULL_ENTITY - Creating ID=37 CardID=
D 10:48:42.6575900 GameState.DebugPrintPower() -     tag=ZONE value=DECK
D 10:48:42.6576720 GameState.DebugPrintPower() -     tag=CONTROLLER value=2
D 10:48:42.6577560 GameState.DebugPrintPower() -     tag=ENTITY_ID value=37
D 10:48:42.6578240 GameState.DebugPrintPower() - FULL_ENTITY - Creating ID=38 CardID=
D 10:48:42.6579370 GameState.DebugPrintPower() -     tag=ZONE value=DECK
D 10:48:42.6580190 GameState.DebugPrintPower() -     tag=CONTROLLER value=2
D 10:48:42.6581000 GameState.DebugPrintPower() -     tag=ENTITY_ID value=38
D 10:48:42.6581750 GameState.DebugPrintPower() - FULL_ENTITY - Creating ID=39 CardID=
D 10:48:42.6582670 GameState.DebugPrintPower() -     tag=ZONE value=DECK
D 10:48:42.6583480 GameState.DebugPrintPower() -     tag=CONTROLLER value=2
D 10:48:42.6584300 GameState.DebugPrintPower() -     tag=ENTITY_ID value=39
D 10:48:42.6585100 GameState.DebugPrintPower() - FULL_ENTITY - Creating ID=40 CardID=
D 10:48:42.6586370 GameState.DebugPrintPower() -     tag=ZONE value=DECK
D 10:48:42.6592400 GameState.DebugPrintPower() -     tag=CONTROLLER value=2
D 10:48:42.6593390 GameState.DebugPrintPower() -     tag=ENTITY_ID value=40
D 10:48:42.6594100 GameState.DebugPrintPower() - FULL_ENTITY - Creating ID=41 CardID=
D 10:48:42.6594960 GameState.DebugPrintPower() -     tag=ZONE value=DECK
D 10:48:42.6595780 GameState.DebugPrintPower() -     tag=CONTROLLER value=2
D 10:48:42.6596930 GameState.DebugPrintPower() -     tag=ENTITY_ID value=41
D 10:48:42.6597610 GameState.DebugPrintPower() - FULL_ENTITY - Creating ID=42 CardID=
D 10:48:42.6598460 GameState.DebugPrintPower() -     tag=ZONE value=DECK
D 10:48:42.6599270 GameState.DebugPrintPower() -     tag=CONTROLLER value=2
D 10:48:42.6600080 GameState.DebugPrintPower() -     tag=ENTITY_ID value=42
D 10:48:42.6600780 GameState.DebugPrintPower() - FULL_ENTITY - Creating ID=43 CardID=
D 10:48:42.6601630 GameState.DebugPrintPower() -     tag=ZONE value=DECK
D 10:48:42.6602670 GameState.DebugPrintPower() -     tag=CONTROLLER value=2
D 10:48:42.6603480 GameState.DebugPrintPower() -     tag=ENTITY_ID value=43
D 10:48:42.6604190 GameState.DebugPrintPower() - FULL_ENTITY - Creating ID=44 CardID=
D 10:48:42.6605140 GameState.DebugPrintPower() -     tag=ZONE value=DECK
D 10:48:42.6605950 GameState.DebugPrintPower() -     tag=CONTROLLER value=2
D 10:48:42.6606810 GameState.DebugPrintPower() -     tag=ENTITY_ID value=44
D 10:48:42.6607790 GameState.DebugPrintPower() - FULL_ENTITY - Creating ID=45 CardID=
D 10:48:42.6608680 GameState.DebugPrintPower() -     tag=ZONE value=DECK
D 10:48:42.6613590 GameState.DebugPrintPower() -     tag=CONTROLLER value=2
D 10:48:42.6614620 GameState.DebugPrintPower() -     tag=ENTITY_ID value=45
D 10:48:42.6615850 GameState.DebugPrintPower() - FULL_ENTITY - Creating ID=46 CardID=
D 10:48:42.6616850 GameState.DebugPrintPower() -     tag=ZONE value=DECK
D 10:48:42.6617960 GameState.DebugPrintPower() -     tag=CONTROLLER value=2
D 10:48:42.6618750 GameState.DebugPrintPower() -     tag=ENTITY_ID value=46
D 10:48:42.6619430 GameState.DebugPrintPower() - FULL_ENTITY - Creating ID=47 CardID=
D 10:48:42.6620290 GameState.DebugPrintPower() -     tag=ZONE value=DECK
D 10:48:42.6621110 GameState.DebugPrintPower() -     tag=CONTROLLER value=2
D 10:48:42.6621890 GameState.DebugPrintPower() -     tag=ENTITY_ID value=47
D 10:48:42.6622610 GameState.DebugPrintPower() - FULL_ENTITY - Creating ID=48 CardID=
D 10:48:42.6623670 GameState.DebugPrintPower() -     tag=ZONE value=DECK
D 10:48:42.6624470 GameState.DebugPrintPower() -     tag=CONTROLLER value=2
D 10:48:42.6625300 GameState.DebugPrintPower() -     tag=ENTITY_ID value=48
D 10:48:42.6626010 GameState.DebugPrintPower() - FULL_ENTITY - Creating ID=49 CardID=
D 10:48:42.6626880 GameState.DebugPrintPower() -     tag=ZONE value=DECK
D 10:48:42.6627810 GameState.DebugPrintPower() -     tag=CONTROLLER value=2
D 10:48:42.6628820 GameState.DebugPrintPower() -     tag=ENTITY_ID value=49
D 10:48:42.6629510 GameState.DebugPrintPower() - FULL_ENTITY - Creating ID=50 CardID=
D 10:48:42.6630360 GameState.DebugPrintPower() -     tag=ZONE value=DECK
D 10:48:42.6631140 GameState.DebugPrintPower() -     tag=CONTROLLER value=2
D 10:48:42.6631940 GameState.DebugPrintPower() -     tag=ENTITY_ID value=50
D 10:48:42.6632610 GameState.DebugPrintPower() - FULL_ENTITY - Creating ID=51 CardID=
D 10:48:42.6633470 GameState.DebugPrintPower() -     tag=ZONE value=DECK
D 10:48:42.6634280 GameState.DebugPrintPower() -     tag=CONTROLLER value=2
D 10:48:42.6635050 GameState.DebugPrintPower() -     tag=ENTITY_ID value=51
D 10:48:42.6635750 GameState.DebugPrintPower() - FULL_ENTITY - Creating ID=52 CardID=
D 10:48:42.6636610 GameState.DebugPrintPower() -     tag=ZONE value=DECK
D 10:48:42.6637440 GameState.DebugPrintPower() -     tag=CONTROLLER value=2
D 10:48:42.6638250 GameState.DebugPrintPower() -     tag=ENTITY_ID value=52
D 10:48:42.6639110 GameState.DebugPrintPower() - FULL_ENTITY - Creating ID=53 CardID=
D 10:48:42.6639950 GameState.DebugPrintPower() -     tag=ZONE value=DECK
D 10:48:42.6640740 GameState.DebugPrintPower() -     tag=CONTROLLER value=2
D 10:48:42.6641700 GameState.DebugPrintPower() -     tag=ENTITY_ID value=53
D 10:48:42.6642680 GameState.DebugPrintPower() - FULL_ENTITY - Creating ID=54 CardID=
D 10:48:42.6643540 GameState.DebugPrintPower() -     tag=ZONE value=DECK
D 10:48:42.6644350 GameState.DebugPrintPower() -     tag=CONTROLLER value=2
D 10:48:42.6645110 GameState.DebugPrintPower() -     tag=ENTITY_ID value=54
D 10:48:42.6646080 GameState.DebugPrintPower() - FULL_ENTITY - Creating ID=55 CardID=
D 10:48:42.6646960 GameState.DebugPrintPower() -     tag=ZONE value=DECK
D 10:48:42.6647830 GameState.DebugPrintPower() -     tag=CONTROLLER value=2
D 10:48:42.6648690 GameState.DebugPrintPower() -     tag=ENTITY_ID value=55
D 10:48:42.6649560 GameState.DebugPrintPower() - FULL_ENTITY - Creating ID=56 CardID=
D 10:48:42.6650420 GameState.DebugPrintPower() -     tag=ZONE value=DECK
D 10:48:42.6651210 GameState.DebugPrintPower() -     tag=CONTROLLER value=2
D 10:48:42.6652250 GameState.DebugPrintPower() -     tag=ENTITY_ID value=56
D 10:48:42.6652940 GameState.DebugPrintPower() - FULL_ENTITY - Creating ID=57 CardID=
D 10:48:42.6653970 GameState.DebugPrintPower() -     tag=ZONE value=DECK
D 10:48:42.6654790 GameState.DebugPrintPower() -     tag=CONTROLLER value=2
D 10:48:42.6655640 GameState.DebugPrintPower() -     tag=ENTITY_ID value=57
D 10:48:42.6656320 GameState.DebugPrintPower() - FULL_ENTITY - Creating ID=58 CardID=
D 10:48:42.6657190 GameState.DebugPrintPower() -     tag=ZONE value=DECK
D 10:48:42.6657960 GameState.DebugPrintPower() -     tag=CONTROLLER value=2
D 10:48:42.6658780 GameState.DebugPrintPower() -     tag=ENTITY_ID value=58
D 10:48:42.6659660 GameState.DebugPrintPower() - FULL_ENTITY - Creating ID=59 CardID=
D 10:48:42.6660500 GameState.DebugPrintPower() -     tag=ZONE value=DECK
D 10:48:42.6661270 GameState.DebugPrintPower() -     tag=CONTROLLER value=2
D 10:48:42.6662030 GameState.DebugPrintPower() -     tag=ENTITY_ID value=59
D 10:48:42.6662700 GameState.DebugPrintPower() - FULL_ENTITY - Creating ID=60 CardID=
D 10:48:42.6663530 GameState.DebugPrintPower() -     tag=ZONE value=DECK
D 10:48:42.6664370 GameState.DebugPrintPower() -     tag=CONTROLLER value=2
D 10:48:42.6665150 GameState.DebugPrintPower() -     tag=ENTITY_ID value=60
D 10:48:42.6665840 GameState.DebugPrintPower() - FULL_ENTITY - Creating ID=61 CardID=
D 10:48:42.6666660 GameState.DebugPrintPower() -     tag=ZONE value=DECK
D 10:48:42.6667470 GameState.DebugPrintPower() -     tag=CONTROLLER value=2
D 10:48:42.6668440 GameState.DebugPrintPower() -     tag=ENTITY_ID value=61
D 10:48:42.6669460 GameState.DebugPrintPower() - FULL_ENTITY - Creating ID=62 CardID=
D 10:48:42.6670490 GameState.DebugPrintPower() -     tag=ZONE value=DECK
D 10:48:42.6671280 GameState.DebugPrintPower() -     tag=CONTROLLER value=2
D 10:48:42.6672040 GameState.DebugPrintPower() -     tag=ENTITY_ID value=62
D 10:48:42.6672760 GameState.DebugPrintPower() - FULL_ENTITY - Creating ID=63 CardID=
D 10:48:42.6673600 GameState.DebugPrintPower() -     tag=ZONE value=DECK
D 10:48:42.6674380 GameState.DebugPrintPower() -     tag=CONTROLLER value=2
D 10:48:42.6675120 GameState.DebugPrintPower() -     tag=ENTITY_ID value=63
D 10:48:42.6675850 GameState.DebugPrintPower() - FULL_ENTITY - Creating ID=64 CardID=HERO_01
D 10:48:42.6676600 GameState.DebugPrintPower() -     tag=HEALTH value=30
D 10:48:42.6677480 GameState.DebugPrintPower() -     tag=ZONE value=PLAY
D 10:48:42.6678250 GameState.DebugPrintPower() -     tag=CONTROLLER value=1
D 10:48:42.6679530 GameState.DebugPrintPower() -     tag=ENTITY_ID value=64
D 10:48:42.6680740 GameState.DebugPrintPower() -     tag=FACTION value=NEUTRAL
D 10:48:42.6681630 GameState.DebugPrintPower() -     tag=CARDTYPE value=HERO
D 10:48:42.6682470 GameState.DebugPrintPower() -     tag=RARITY value=FREE
D 10:48:42.6683890 GameState.DebugPrintPower() -     tag=SHOWN_HERO_POWER value=725
D 10:48:42.6692160 GameState.DebugPrintPower() - FULL_ENTITY - Creating ID=65 CardID=CS2_102
D 10:48:42.6693260 GameState.DebugPrintPower() -     tag=COST value=2
D 10:48:42.6694150 GameState.DebugPrintPower() -     tag=ZONE value=PLAY
D 10:48:42.6695180 GameState.DebugPrintPower() -     tag=CONTROLLER value=1
D 10:48:42.6696420 GameState.DebugPrintPower() -     tag=ENTITY_ID value=65
D 10:48:42.6697320 GameState.DebugPrintPower() -     tag=FACTION value=NEUTRAL
D 10:48:42.6698180 GameState.DebugPrintPower() -     tag=CARDTYPE value=HERO_POWER
D 10:48:42.6699010 GameState.DebugPrintPower() -     tag=RARITY value=FREE
D 10:48:42.6699810 GameState.DebugPrintPower() -     tag=CREATOR value=64
D 10:48:42.6700840 GameState.DebugPrintPower() -     tag=TAG_LAST_KNOWN_COST_IN_HAND value=2
D 10:48:42.6701720 GameState.DebugPrintPower() - FULL_ENTITY - Creating ID=66 CardID=HERO_09
D 10:48:42.6702560 GameState.DebugPrintPower() -     tag=HEALTH value=30
D 10:48:42.6703420 GameState.DebugPrintPower() -     tag=ZONE value=PLAY
D 10:48:42.6704190 GameState.DebugPrintPower() -     tag=CONTROLLER value=2
D 10:48:42.6705220 GameState.DebugPrintPower() -     tag=ENTITY_ID value=66
D 10:48:42.6706070 GameState.DebugPrintPower() -     tag=FACTION value=NEUTRAL
D 10:48:42.6706910 GameState.DebugPrintPower() -     tag=CARDTYPE value=HERO
D 10:48:42.6707760 GameState.DebugPrintPower() -     tag=RARITY value=FREE
D 10:48:42.6708540 GameState.DebugPrintPower() -     tag=SHOWN_HERO_POWER value=479
D 10:48:42.6709210 GameState.DebugPrintPower() - FULL_ENTITY - Creating ID=67 CardID=CS1h_001
D 10:48:42.6710590 GameState.DebugPrintPower() -     tag=COST value=2
D 10:48:42.6711490 GameState.DebugPrintPower() -     tag=ZONE value=PLAY
D 10:48:42.6712810 GameState.DebugPrintPower() -     tag=CONTROLLER value=2
D 10:48:42.6713580 GameState.DebugPrintPower() -     tag=ENTITY_ID value=67
D 10:48:42.6714420 GameState.DebugPrintPower() -     tag=FACTION value=NEUTRAL
D 10:48:42.6715260 GameState.DebugPrintPower() -     tag=CARDTYPE value=HERO_POWER
D 10:48:42.6716110 GameState.DebugPrintPower() -     tag=RARITY value=FREE
D 10:48:42.6716880 GameState.DebugPrintPower() -     tag=CREATOR value=66
D 10:48:42.6717650 GameState.DebugPrintPower() -     tag=TAG_LAST_KNOWN_COST_IN_HAND value=2
D 10:48:42.6718610 GameState.DebugPrintPower() - TAG_CHANGE Entity=1 tag=STATE value=RUNNING
D 10:48:42.6719530 GameState.DebugPrintPower() - TAG_CHANGE Entity=2 tag=PLAYSTATE value=PLAYING
D 10:48:42.6720430 GameState.DebugPrintPower() - TAG_CHANGE Entity=3 tag=PLAYSTATE value=PLAYING
D 10:48:42.6721410 GameState.DebugPrintPower() - BLOCK_START BlockType=TRIGGER Entity=1 EffectCardId= EffectIndex=-1 Target=0
D 10:48:42.6723100 GameState.DebugPrintPower() -     TAG_CHANGE Entity=2 tag=CURRENT_PLAYER value=1
D 10:48:42.6723970 GameState.DebugPrintPower() -     TAG_CHANGE Entity=2 tag=FIRST_PLAYER value=1
D 10:48:42.6724810 GameState.DebugPrintPower() -     TAG_CHANGE Entity=1 tag=TURN value=1
D 10:48:42.6725490 GameState.DebugPrintPower() -     SHOW_ENTITY - Updating Entity=14 CardID=EX1_409
D 10:48:42.6726300 GameState.DebugPrintPower() -         tag=COST value=1
D 10:48:42.6727140 GameState.DebugPrintPower() -         tag=ZONE value=HAND
D 10:48:42.6727980 GameState.DebugPrintPower() -         tag=FACTION value=NEUTRAL
D 10:48:42.6728810 GameState.DebugPrintPower() -         tag=CARDTYPE value=SPELL
D 10:48:42.6729640 GameState.DebugPrintPower() -         tag=RARITY value=RARE
D 10:48:42.6730420 GameState.DebugPrintPower() -         tag=TAG_LAST_KNOWN_COST_IN_HAND value=1
D 10:48:42.6731310 GameState.DebugPrintPower() -     TAG_CHANGE Entity=14 tag=ZONE_POSITION value=1
D 10:48:42.6732210 GameState.DebugPrintPower() -     TAG_CHANGE Entity=2 tag=NUM_CARDS_DRAWN_THIS_TURN value=1
D 10:48:42.6733180 GameState.DebugPrintPower() -     SHOW_ENTITY - Updating Entity=22 CardID=LOE_076
D 10:48:42.6734000 GameState.DebugPrintPower() -         tag=HEALTH value=3
D 10:48:42.6734900 GameState.DebugPrintPower() -         tag=ATK value=1
D 10:48:42.6735680 GameState.DebugPrintPower() -         tag=COST value=1
D 10:48:42.6736500 GameState.DebugPrintPower() -         tag=ZONE value=HAND
D 10:48:42.6737270 GameState.DebugPrintPower() -         tag=ELITE value=1
D 10:48:42.6738100 GameState.DebugPrintPower() -         tag=CARDTYPE value=MINION
D 10:48:42.6738950 GameState.DebugPrintPower() -         tag=RARITY value=LEGENDARY
D 10:48:42.6739740 GameState.DebugPrintPower() -         tag=BATTLECRY value=1
D 10:48:42.6740510 GameState.DebugPrintPower() -         tag=TAG_LAST_KNOWN_COST_IN_HAND value=1
D 10:48:42.6741340 GameState.DebugPrintPower() -     TAG_CHANGE Entity=22 tag=ZONE_POSITION value=2
D 10:48:42.6742200 GameState.DebugPrintPower() -     TAG_CHANGE Entity=2 tag=NUM_CARDS_DRAWN_THIS_TURN value=2
D 10:48:42.6742870 GameState.DebugPrintPower() -     SHOW_ENTITY - Updating Entity=29 CardID=AT_087
D 10:48:42.6743890 GameState.DebugPrintPower() -         tag=HEALTH value=1
D 10:48:42.6744740 GameState.DebugPrintPower() -         tag=ATK value=2
D 10:48:42.6745740 GameState.DebugPrintPower() -         tag=COST value=3
D 10:48:42.6746620 GameState.DebugPrintPower() -         tag=ZONE value=HAND
D 10:48:42.6747650 GameState.DebugPrintPower() -         tag=DIVINE_SHIELD value=1
D 10:48:42.6748950 GameState.DebugPrintPower() -         tag=CHARGE value=1
D 10:48:42.6749840 GameState.DebugPrintPower() -         tag=CARDTYPE value=MINION
D 10:48:42.6750710 GameState.DebugPrintPower() -         tag=RARITY value=COMMON
D 10:48:42.6751470 GameState.DebugPrintPower() -         tag=TAG_LAST_KNOWN_COST_IN_HAND value=3
D 10:48:42.6752340 GameState.DebugPrintPower() -     TAG_CHANGE Entity=29 tag=ZONE_POSITION value=3
D 10:48:42.6753240 GameState.DebugPrintPower() -     TAG_CHANGE Entity=2 tag=NUM_CARDS_DRAWN_THIS_TURN value=3
D 10:48:42.6754300 GameState.DebugPrintPower() -     TAG_CHANGE Entity=2 tag=NUM_TURNS_LEFT value=1
D 10:48:42.6755220 GameState.DebugPrintPower() -     TAG_CHANGE Entity=46 tag=ZONE value=HAND
D 10:48:42.6756050 GameState.DebugPrintPower() -     TAG_CHANGE Entity=46 tag=ZONE_POSITION value=1
D 10:48:42.6756890 GameState.DebugPrintPower() -     TAG_CHANGE Entity=3 tag=NUM_CARDS_DRAWN_THIS_TURN value=1
D 10:48:42.6757780 GameState.DebugPrintPower() -     TAG_CHANGE Entity=52 tag=ZONE value=HAND
D 10:48:42.6758610 GameState.DebugPrintPower() -     TAG_CHANGE Entity=52 tag=ZONE_POSITION value=2
D 10:48:42.6759420 GameState.DebugPrintPower() -     TAG_CHANGE Entity=3 tag=NUM_CARDS_DRAWN_THIS_TURN value=2
D 10:48:42.6760320 GameState.DebugPrintPower() -     TAG_CHANGE Entity=39 tag=ZONE value=HAND
D 10:48:42.6761160 GameState.DebugPrintPower() -     TAG_CHANGE Entity=39 tag=ZONE_POSITION value=3
D 10:48:42.6761970 GameState.DebugPrintPower() -     TAG_CHANGE Entity=3 tag=NUM_CARDS_DRAWN_THIS_TURN value=3
D 10:48:42.6762850 GameState.DebugPrintPower() -     TAG_CHANGE Entity=59 tag=ZONE value=HAND
D 10:48:42.6763740 GameState.DebugPrintPower() -     TAG_CHANGE Entity=59 tag=ZONE_POSITION value=4
D 10:48:42.6764840 GameState.DebugPrintPower() -     TAG_CHANGE Entity=3 tag=NUM_CARDS_DRAWN_THIS_TURN value=4
D 10:48:42.6765650 GameState.DebugPrintPower() -     TAG_CHANGE Entity=3 tag=NUM_TURNS_LEFT value=1
D 10:48:42.6766350 GameState.DebugPrintPower() -     FULL_ENTITY - Creating ID=68 CardID=
D 10:48:42.6767210 GameState.DebugPrintPower() -         tag=ZONE value=HAND
D 10:48:42.6768000 GameState.DebugPrintPower() -         tag=CONTROLLER value=2
D 10:48:42.6768790 GameState.DebugPrintPower() -         tag=ENTITY_ID value=68
D 10:48:42.6769580 GameState.DebugPrintPower() -         tag=ZONE_POSITION value=5
D 10:48:42.6770410 GameState.DebugPrintPower() -     TAG_CHANGE Entity=2 tag=TIMEOUT value=75
D 10:48:42.6771250 GameState.DebugPrintPower() -     TAG_CHANGE Entity=3 tag=TIMEOUT value=75
D 10:48:42.6772140 GameState.DebugPrintPower() -     TAG_CHANGE Entity=1 tag=10 value=85
D 10:48:42.6773070 GameState.DebugPrintPower() -     TAG_CHANGE Entity=1 tag=NEXT_STEP value=BEGIN_MULLIGAN
D 10:48:42.6773720 GameState.DebugPrintPower() - BLOCK_END
D 10:48:42.8050430 GameState.DebugPrintPowerList() - Count=3
D 10:48:42.8052440 GameState.DebugPrintPower() - TAG_CHANGE Entity=GameEntity tag=STEP value=BEGIN_MULLIGAN
D 10:48:42.8053700 GameState.DebugPrintPower() - BLOCK_START BlockType=TRIGGER Entity=GameEntity EffectCardId= EffectIndex=-1 Target=0
D 10:48:42.8055130 GameState.DebugPrintPower() -     TAG_CHANGE Entity=Mbonnin tag=MULLIGAN_STATE value=INPUT
D 10:48:42.8058610 GameState.DebugPrintEntityChoices() - id=1 Player=Mbonnin TaskList=4 ChoiceType=MULLIGAN CountMin=0 CountMax=3
D 10:48:42.8059340 GameState.DebugPrintEntityChoices() -   Source=GameEntity
D 10:48:42.8060590 GameState.DebugPrintEntityChoices() -   Entities[0]=[id=14 cardId= type=INVALID zone=DECK zonePos=0 player=1]
D 10:48:42.8061720 GameState.DebugPrintEntityChoices() -   Entities[1]=[id=22 cardId= type=INVALID zone=DECK zonePos=0 player=1]
D 10:48:42.8062960 GameState.DebugPrintEntityChoices() -   Entities[2]=[id=29 cardId= type=INVALID zone=DECK zonePos=0 player=1]
D 10:48:42.8064060 PowerTaskList.DebugDump() - ID=1 ParentID=0 PreviousID=0 TaskCount=68
D 10:48:42.8064700 PowerTaskList.DebugDump() - Block Start=(null)
D 10:48:42.8065620 PowerTaskList.DebugPrintPower() -     CREATE_GAME
D 10:48:42.8066420 PowerTaskList.DebugPrintPower() -         GameEntity EntityID=1
D 10:48:42.8067330 PowerTaskList.DebugPrintPower() -             tag=ZONE value=PLAY
D 10:48:42.8068160 PowerTaskList.DebugPrintPower() -             tag=ENTITY_ID value=1
D 10:48:42.8069060 PowerTaskList.DebugPrintPower() -             tag=CARDTYPE value=GAME
D 10:48:42.8069920 PowerTaskList.DebugPrintPower() -         Player EntityID=2 PlayerID=1 GameAccountId=[hi=144115198130930503 lo=27472745]
D 10:48:42.8070730 PowerTaskList.DebugPrintPower() -             tag=HERO_ENTITY value=64
D 10:48:42.8071540 PowerTaskList.DebugPrintPower() -             tag=MAXHANDSIZE value=10
D 10:48:42.8072420 PowerTaskList.DebugPrintPower() -             tag=STARTHANDSIZE value=4
D 10:48:42.8073560 PowerTaskList.DebugPrintPower() -             tag=PLAYER_ID value=1
D 10:48:42.8074430 PowerTaskList.DebugPrintPower() -             tag=TEAM_ID value=1
D 10:48:42.8075270 PowerTaskList.DebugPrintPower() -             tag=ZONE value=PLAY
D 10:48:42.8076060 PowerTaskList.DebugPrintPower() -             tag=CONTROLLER value=1
D 10:48:42.8076890 PowerTaskList.DebugPrintPower() -             tag=ENTITY_ID value=2
D 10:48:42.8077700 PowerTaskList.DebugPrintPower() -             tag=MAXRESOURCES value=10
D 10:48:42.8078560 PowerTaskList.DebugPrintPower() -             tag=CARDTYPE value=PLAYER
D 10:48:42.8080710 PowerTaskList.DebugPrintPower() -         Player EntityID=3 PlayerID=2 GameAccountId=[hi=144115198130930503 lo=52381717]
D 10:48:42.8081710 PowerTaskList.DebugPrintPower() -             tag=HERO_ENTITY value=66
D 10:48:42.8082890 PowerTaskList.DebugPrintPower() -             tag=MAXHANDSIZE value=10
D 10:48:42.8083880 PowerTaskList.DebugPrintPower() -             tag=STARTHANDSIZE value=4
D 10:48:42.8084620 PowerTaskList.DebugPrintPower() -             tag=PLAYER_ID value=2
D 10:48:42.8085360 PowerTaskList.DebugPrintPower() -             tag=TEAM_ID value=2
D 10:48:42.8086140 PowerTaskList.DebugPrintPower() -             tag=ZONE value=PLAY
D 10:48:42.8086920 PowerTaskList.DebugPrintPower() -             tag=CONTROLLER value=2
D 10:48:42.8087670 PowerTaskList.DebugPrintPower() -             tag=ENTITY_ID value=3
D 10:48:42.8088390 PowerTaskList.DebugPrintPower() -             tag=MAXRESOURCES value=10
D 10:48:42.8089170 PowerTaskList.DebugPrintPower() -             tag=CARDTYPE value=PLAYER
D 10:48:42.8090120 PowerTaskList.DebugPrintPower() -     FULL_ENTITY - Updating [id=4 cardId= type=INVALID zone=DECK zonePos=0 player=1] CardID=
D 10:48:42.8090940 PowerTaskList.DebugPrintPower() -         tag=ZONE value=DECK
D 10:48:42.8091680 PowerTaskList.DebugPrintPower() -         tag=CONTROLLER value=1
D 10:48:42.8092430 PowerTaskList.DebugPrintPower() -         tag=ENTITY_ID value=4
D 10:48:42.8093480 PowerTaskList.DebugPrintPower() -     FULL_ENTITY - Updating [id=5 cardId= type=INVALID zone=DECK zonePos=0 player=1] CardID=
D 10:48:42.8094850 PowerTaskList.DebugPrintPower() -         tag=ZONE value=DECK
D 10:48:42.8095630 PowerTaskList.DebugPrintPower() -         tag=CONTROLLER value=1
D 10:48:42.8096400 PowerTaskList.DebugPrintPower() -         tag=ENTITY_ID value=5
D 10:48:42.8097360 PowerTaskList.DebugPrintPower() -     FULL_ENTITY - Updating [id=6 cardId= type=INVALID zone=DECK zonePos=0 player=1] CardID=
D 10:48:42.8098230 PowerTaskList.DebugPrintPower() -         tag=ZONE value=DECK
D 10:48:42.8098980 PowerTaskList.DebugPrintPower() -         tag=CONTROLLER value=1
D 10:48:42.8099720 PowerTaskList.DebugPrintPower() -         tag=ENTITY_ID value=6
D 10:48:42.8100640 PowerTaskList.DebugPrintPower() -     FULL_ENTITY - Updating [id=7 cardId= type=INVALID zone=DECK zonePos=0 player=1] CardID=
D 10:48:42.8101460 PowerTaskList.DebugPrintPower() -         tag=ZONE value=DECK
D 10:48:42.8102210 PowerTaskList.DebugPrintPower() -         tag=CONTROLLER value=1
D 10:48:42.8103020 PowerTaskList.DebugPrintPower() -         tag=ENTITY_ID value=7
D 10:48:42.8103990 PowerTaskList.DebugPrintPower() -     FULL_ENTITY - Updating [id=8 cardId= type=INVALID zone=DECK zonePos=0 player=1] CardID=
D 10:48:42.8105320 PowerTaskList.DebugPrintPower() -         tag=ZONE value=DECK
D 10:48:42.8106150 PowerTaskList.DebugPrintPower() -         tag=CONTROLLER value=1
D 10:48:42.8106900 PowerTaskList.DebugPrintPower() -         tag=ENTITY_ID value=8
D 10:48:42.8107860 PowerTaskList.DebugPrintPower() -     FULL_ENTITY - Updating [id=9 cardId= type=INVALID zone=DECK zonePos=0 player=1] CardID=
D 10:48:42.8109260 PowerTaskList.DebugPrintPower() -         tag=ZONE value=DECK
D 10:48:42.8110060 PowerTaskList.DebugPrintPower() -         tag=CONTROLLER value=1
D 10:48:42.8110850 PowerTaskList.DebugPrintPower() -         tag=ENTITY_ID value=9
D 10:48:42.8111790 PowerTaskList.DebugPrintPower() -     FULL_ENTITY - Updating [id=10 cardId= type=INVALID zone=DECK zonePos=0 player=1] CardID=
D 10:48:42.8113370 PowerTaskList.DebugPrintPower() -         tag=ZONE value=DECK
D 10:48:42.8117280 PowerTaskList.DebugPrintPower() -         tag=CONTROLLER value=1
D 10:48:42.8118130 PowerTaskList.DebugPrintPower() -         tag=ENTITY_ID value=10
D 10:48:42.8119110 PowerTaskList.DebugPrintPower() -     FULL_ENTITY - Updating [id=11 cardId= type=INVALID zone=DECK zonePos=0 player=1] CardID=
D 10:48:42.8119940 PowerTaskList.DebugPrintPower() -         tag=ZONE value=DECK
D 10:48:42.8120700 PowerTaskList.DebugPrintPower() -         tag=CONTROLLER value=1
D 10:48:42.8121480 PowerTaskList.DebugPrintPower() -         tag=ENTITY_ID value=11
D 10:48:42.8122430 PowerTaskList.DebugPrintPower() -     FULL_ENTITY - Updating [id=12 cardId= type=INVALID zone=DECK zonePos=0 player=1] CardID=
D 10:48:42.8123320 PowerTaskList.DebugPrintPower() -         tag=ZONE value=DECK
D 10:48:42.8124070 PowerTaskList.DebugPrintPower() -         tag=CONTROLLER value=1
D 10:48:42.8124870 PowerTaskList.DebugPrintPower() -         tag=ENTITY_ID value=12
D 10:48:42.8126040 PowerTaskList.DebugPrintPower() -     FULL_ENTITY - Updating [id=13 cardId= type=INVALID zone=DECK zonePos=0 player=1] CardID=
D 10:48:42.8126860 PowerTaskList.DebugPrintPower() -         tag=ZONE value=DECK
D 10:48:42.8127640 PowerTaskList.DebugPrintPower() -         tag=CONTROLLER value=1
D 10:48:42.8128390 PowerTaskList.DebugPrintPower() -         tag=ENTITY_ID value=13
D 10:48:42.8129320 PowerTaskList.DebugPrintPower() -     FULL_ENTITY - Updating [id=14 cardId= type=INVALID zone=DECK zonePos=0 player=1] CardID=
D 10:48:42.8130190 PowerTaskList.DebugPrintPower() -         tag=ZONE value=DECK
D 10:48:42.8130990 PowerTaskList.DebugPrintPower() -         tag=CONTROLLER value=1
D 10:48:42.8131780 PowerTaskList.DebugPrintPower() -         tag=ENTITY_ID value=14
D 10:48:42.8132690 PowerTaskList.DebugPrintPower() -     FULL_ENTITY - Updating [id=15 cardId= type=INVALID zone=DECK zonePos=0 player=1] CardID=
D 10:48:42.8133530 PowerTaskList.DebugPrintPower() -         tag=ZONE value=DECK
D 10:48:42.8134340 PowerTaskList.DebugPrintPower() -         tag=CONTROLLER value=1
D 10:48:42.8135320 PowerTaskList.DebugPrintPower() -         tag=ENTITY_ID value=15
D 10:48:42.8136860 PowerTaskList.DebugPrintPower() -     FULL_ENTITY - Updating [id=16 cardId= type=INVALID zone=DECK zonePos=0 player=1] CardID=
D 10:48:42.8137740 PowerTaskList.DebugPrintPower() -         tag=ZONE value=DECK
D 10:48:42.8138510 PowerTaskList.DebugPrintPower() -         tag=CONTROLLER value=1
D 10:48:42.8139290 PowerTaskList.DebugPrintPower() -         tag=ENTITY_ID value=16
D 10:48:42.8140180 PowerTaskList.DebugPrintPower() -     FULL_ENTITY - Updating [id=17 cardId= type=INVALID zone=DECK zonePos=0 player=1] CardID=
D 10:48:42.8141030 PowerTaskList.DebugPrintPower() -         tag=ZONE value=DECK
D 10:48:42.8141780 PowerTaskList.DebugPrintPower() -         tag=CONTROLLER value=1
D 10:48:42.8142620 PowerTaskList.DebugPrintPower() -         tag=ENTITY_ID value=17
D 10:48:42.8143530 PowerTaskList.DebugPrintPower() -     FULL_ENTITY - Updating [id=18 cardId= type=INVALID zone=DECK zonePos=0 player=1] CardID=
D 10:48:42.8144410 PowerTaskList.DebugPrintPower() -         tag=ZONE value=DECK
D 10:48:42.8145640 PowerTaskList.DebugPrintPower() -         tag=CONTROLLER value=1
D 10:48:42.8146650 PowerTaskList.DebugPrintPower() -         tag=ENTITY_ID value=18
D 10:48:42.8147610 PowerTaskList.DebugPrintPower() -     FULL_ENTITY - Updating [id=19 cardId= type=INVALID zone=DECK zonePos=0 player=1] CardID=
D 10:48:42.8148470 PowerTaskList.DebugPrintPower() -         tag=ZONE value=DECK
D 10:48:42.8149230 PowerTaskList.DebugPrintPower() -         tag=CONTROLLER value=1
D 10:48:42.8149980 PowerTaskList.DebugPrintPower() -         tag=ENTITY_ID value=19
D 10:48:42.8150880 PowerTaskList.DebugPrintPower() -     FULL_ENTITY - Updating [id=20 cardId= type=INVALID zone=DECK zonePos=0 player=1] CardID=
D 10:48:42.8151710 PowerTaskList.DebugPrintPower() -         tag=ZONE value=DECK
